pos	count	bq.mean	bq.sd
1	6649455	30.6181	4.72183
2	6649455	30.5295	5.00138
3	6649455	30.2076	5.2355
4	6649455	30.0287	5.34665
5	6649455	29.8112	5.47201
6	6649455	29.8284	5.52842
7	6649455	29.8161	5.57876
8	6649455	29.734	5.64111
9	6642723	29.6778	5.67046
10	6636087	29.6767	5.68202
11	6629650	29.6783	5.70201
12	6623491	29.6988	5.70904
13	6618163	29.7259	5.70872
14	6613514	29.7502	5.69968
15	6609125	29.7682	5.6948
16	6604825	29.7891	5.69104
17	6600759	29.798	5.68575
18	6596646	29.8024	5.69011
19	6592574	29.8052	5.69103
20	6588519	29.7947	5.69641
21	6584517	29.7845	5.70254
22	6580685	29.7851	5.70878
23	6576323	29.7847	5.71024
24	6572303	29.7905	5.71039
25	6568195	29.8037	5.70292
26	6564160	29.8162	5.69975
27	6560173	29.833	5.69466
28	6556290	29.8555	5.68794
29	6552426	29.8736	5.67977
30	6548614	29.8902	5.67421
31	6544832	29.914	5.66261
32	6541053	29.93	5.6567
33	6537110	29.9422	5.6578
34	6533295	29.955	5.65468
35	6529647	29.9597	5.65689
36	6525890	29.9583	5.66457
37	6522291	29.9583	5.6711
38	6518749	29.9511	5.6746
39	6515185	29.942	5.68236
40	6511746	29.9341	5.69444
41	6508056	29.921	5.70003
42	6504464	29.9019	5.71023
43	6500943	29.8922	5.71681
44	6497466	29.8732	5.72748
45	6494006	29.8542	5.73961
46	6490448	29.8444	5.74403
47	6486915	29.8302	5.7473
48	6483369	29.8116	5.76174
49	6479726	29.8017	5.76371
50	6475994	29.7888	5.76833
51	6472264	29.7758	5.77677
52	6468419	29.7669	5.77941
53	6464540	29.7554	5.78552
54	6460764	29.7412	5.79297
55	6456745	29.7339	5.79327
56	6452949	29.72	5.80551
57	6449015	29.701	5.81115
58	6444937	29.6927	5.82169
59	6440841	29.6772	5.82997
60	6436745	29.6613	5.84109
61	6432661	29.6545	5.84936
62	6428598	29.6406	5.85587
63	6424407	29.6245	5.87043
64	6420262	29.6136	5.88015
65	6416089	29.6012	5.8869
66	6412002	29.59	5.89617
67	6407548	29.585	5.89997
68	6403227	29.5735	5.90885
69	6398811	29.5564	5.91972
70	6394423	29.55	5.92074
71	6390004	29.5387	5.92755
72	6385480	29.5196	5.93945
73	6381044	29.5098	5.94228
74	6376624	29.494	5.94727
75	6372144	29.4767	5.95676
76	6367682	29.4641	5.9608
77	6363183	29.4452	5.96564
78	6358571	29.4225	5.97596
79	6353948	29.4087	5.98174
80	6349384	29.3873	5.98941
81	6344768	29.3678	5.99779
82	6340406	29.3523	6.00098
83	6335849	29.332	6.01197
84	6331195	29.3102	6.02062
85	6326599	29.2985	6.0262
86	6321916	29.2827	6.03074
87	6317195	29.2624	6.0424
88	6312666	29.2499	6.04592
89	6308083	29.2336	6.05725
90	6303561	29.2169	6.06293
91	6298986	29.2074	6.06585
92	6294402	29.1897	6.07689
93	6289809	29.1675	6.08445
94	6285211	29.1588	6.08873
95	6280475	29.1371	6.09653
96	6275893	29.1197	6.10517
97	6271172	29.1052	6.11111
98	6266582	29.0877	6.11392
99	6262074	29.0652	6.12363
100	6257431	29.0502	6.12802
101	6252773	29.0305	6.13233
102	6248123	29.0083	6.13932
103	6243409	28.9869	6.14837
104	6238711	28.9662	6.15081
105	6233996	28.9391	6.15802
106	6229279	28.9187	6.16723
107	6224458	28.8972	6.16972
108	6219713	28.8677	6.18302
109	6214975	28.8482	6.18922
110	6210200	28.8268	6.19018
111	6205432	28.8032	6.19958
112	6200489	28.7799	6.20583
113	6195410	28.757	6.21504
114	6190306	28.7345	6.21997
115	6185221	28.7112	6.23104
116	6180052	28.6908	6.23417
117	6174895	28.6668	6.24306
118	6169674	28.649	6.24738
119	6164455	28.6237	6.26132
120	6159042	28.6046	6.2655
121	6153718	28.5871	6.27149
122	6148286	28.5653	6.28001
123	6142782	28.5451	6.28635
124	6137329	28.5261	6.29262
125	6131744	28.5035	6.30148
126	6126046	28.4812	6.307
127	6120348	28.4657	6.30883
128	6114725	28.443	6.31672
129	6109004	28.4168	6.32592
130	6103225	28.3954	6.32824
131	6097492	28.3715	6.33301
132	6091565	28.3504	6.34121
133	6085679	28.3268	6.3478
134	6079714	28.302	6.35279
135	6073746	28.2811	6.35711
136	6067682	28.259	6.36189
137	6061577	28.2317	6.37094
138	6055398	28.2083	6.3759
139	6049272	28.1842	6.38178
140	6043223	28.1603	6.38784
141	6037004	28.1378	6.3932
142	6030742	28.1179	6.39806
143	6024536	28.0962	6.40133
144	6018366	28.073	6.40846
145	6011944	28.0546	6.41059
146	6005626	28.0326	6.4166
147	5999468	28.0121	6.42143
148	5993018	27.9905	6.42826
149	5986423	27.9726	6.43387
150	5980152	27.9515	6.43882
151	5973792	27.93	6.44416
152	5967361	27.9121	6.44797
153	5960829	27.8903	6.4548
154	5954365	27.8706	6.4615
155	5947731	27.8498	6.46537
156	5941232	27.8289	6.46804
157	5934613	27.8107	6.47623
158	5927995	27.792	6.48029
159	5921191	27.7734	6.48231
160	5914548	27.7558	6.48587
161	5907697	27.735	6.49106
162	5900817	27.7145	6.4977
163	5894130	27.6957	6.50161
164	5887203	27.6737	6.50392
165	5880407	27.6545	6.50989
166	5873417	27.6361	6.51179
167	5866378	27.6191	6.51508
168	5859366	27.6028	6.51744
169	5852287	27.585	6.5184
170	5845128	27.562	6.52508
171	5837925	27.5397	6.53216
172	5830738	27.5268	6.53322
173	5823302	27.5081	6.53597
174	5815946	27.4868	6.54356
175	5808481	27.472	6.54543
176	5801050	27.4536	6.54794
177	5793671	27.4352	6.54959
178	5785968	27.4221	6.55719
179	5778274	27.4002	6.56014
180	5770390	27.3857	6.5606
181	5762434	27.3728	6.56424
182	5754650	27.3532	6.56941
183	5746666	27.3325	6.57229
184	5738737	27.3168	6.57633
185	5730624	27.2996	6.57919
186	5722523	27.2797	6.58626
187	5714350	27.2646	6.58671
188	5706186	27.2508	6.58693
189	5697849	27.2312	6.59209
190	5689522	27.2177	6.59244
191	5680836	27.1964	6.59747
192	5672209	27.1748	6.60109
193	5663592	27.1598	6.59714
194	5654982	27.1407	6.60477
195	5646287	27.114	6.61024
196	5637446	27.0979	6.61292
197	5628672	27.0754	6.61464
198	5619967	27.0541	6.62212
199	5611132	27.0333	6.62301
200	5602011	27.0131	6.62559
201	5593006	26.9906	6.62826
202	5584032	26.9724	6.6324
203	5574834	26.9524	6.63575
204	5565586	26.9303	6.63917
205	5556480	26.9086	6.64256
206	5547245	26.8874	6.64578
207	5537732	26.8601	6.65285
208	5528288	26.8401	6.65096
209	5518726	26.8177	6.65258
210	5509147	26.7927	6.6593
211	5499498	26.775	6.6624
212	5490073	26.7489	6.66671
213	5480494	26.7258	6.67129
214	5470640	26.7001	6.67443
215	5460829	26.6815	6.67927
216	5450982	26.6514	6.68317
217	5441028	26.6314	6.68366
218	5431137	26.6065	6.68845
219	5420994	26.5776	6.69847
220	5410728	26.5569	6.69748
221	5400451	26.5378	6.69835
222	5390128	26.5116	6.70449
223	5379614	26.4894	6.70805
224	5369196	26.4638	6.70694
225	5358645	26.4386	6.71046
226	5348114	26.4166	6.71512
227	5337481	26.3904	6.71789
228	5326589	26.3662	6.72068
229	5315935	26.3407	6.72267
230	5304969	26.3171	6.72834
231	5293885	26.2892	6.7314
232	5282716	26.2685	6.73098
233	5271418	26.2452	6.73523
234	5260046	26.2187	6.73904
235	5248805	26.1939	6.73969
236	5237506	26.1696	6.74547
237	5225884	26.1445	6.74753
238	5214360	26.1215	6.74946
239	5202849	26.0961	6.75379
240	5191111	26.0738	6.75211
241	5179471	26.0472	6.75759
242	5167685	26.0254	6.75719
243	5155894	25.9924	6.76409
244	5143949	25.9639	6.76731
245	5131715	25.9389	6.76604
246	5119736	25.9108	6.77398
247	5107457	25.8896	6.77591
248	5095209	25.8615	6.776
249	5082813	25.8367	6.7771
250	5070282	25.811	6.7814
251	5057436	25.7864	6.781
252	5044739	25.7582	6.78553
253	5031913	25.7355	6.78599
254	5019169	25.707	6.78521
255	5006336	25.6775	6.79209
256	4993495	25.6551	6.79499
257	4980516	25.6293	6.79674
258	4967194	25.6055	6.7974
259	4953807	25.5806	6.79633
260	4940676	25.554	6.80134
261	4927283	25.5305	6.80192
262	4913867	25.5098	6.80268
263	4900329	25.4804	6.80834
264	4886592	25.4523	6.8101
265	4873054	25.4312	6.80898
266	4859120	25.4104	6.81149
267	4845348	25.3891	6.8113
268	4831363	25.3661	6.81542
269	4817275	25.3441	6.81587
270	4803263	25.3245	6.81705
271	4789240	25.3001	6.8198
272	4775005	25.2803	6.81557
273	4760783	25.2572	6.82227
274	4746480	25.2368	6.82138
275	4732037	25.2123	6.82287
276	4717980	25.1968	6.82232
277	4703690	25.1706	6.82913
278	4689172	25.1493	6.8263
279	4674549	25.1286	6.83042
280	4659922	25.1109	6.82691
281	4645026	25.0887	6.83059
282	4630168	25.0694	6.83001
283	4615081	25.0499	6.82818
284	4599791	25.0298	6.83087
285	4584496	25.0106	6.83111
286	4569184	24.9888	6.83231
287	4553877	24.9682	6.83069
288	4538324	24.9511	6.83001
289	4522803	24.9285	6.83304
290	4507261	24.9079	6.83572
291	4491621	24.8884	6.83383
292	4475971	24.8747	6.83224
293	4460302	24.8508	6.8335
294	4444560	24.8315	6.83098
295	4428765	24.8089	6.8339
296	4412631	24.7925	6.83145
297	4396569	24.7703	6.83244
298	4380505	24.7487	6.83453
299	4364066	24.7329	6.83385
300	4347811	24.7131	6.83404
301	4331547	24.6953	6.83195
302	4315146	24.6773	6.83187
303	4298567	24.6531	6.83481
304	4282104	24.6376	6.83565
305	4265465	24.6148	6.83424
306	4248551	24.5947	6.83409
307	4231734	24.5777	6.82882
308	4214922	24.5587	6.82913
309	4198055	24.5338	6.83414
310	4181045	24.5164	6.83115
311	4163730	24.4945	6.8316
312	4146415	24.4722	6.82949
313	4129044	24.4523	6.82877
314	4111565	24.4317	6.82977
315	4094224	24.4045	6.83033
316	4076832	24.3832	6.82804
317	4059142	24.3614	6.83206
318	4041731	24.341	6.82934
319	4024269	24.3177	6.82712
320	4006699	24.2973	6.82635
321	3989101	24.2725	6.82782
322	3971253	24.251	6.82475
323	3953492	24.229	6.82678
324	3935377	24.2059	6.82363
325	3917410	24.1807	6.82613
326	3899392	24.1563	6.82289
327	3881420	24.1359	6.82433
328	3863114	24.1091	6.82527
329	3845221	24.0843	6.82556
330	3826991	24.0634	6.82383
331	3808671	24.0377	6.82344
332	3790398	24.0189	6.82126
333	3772079	23.9885	6.82579
334	3753735	23.9666	6.82307
335	3735130	23.943	6.82253
336	3716662	23.9168	6.81949
337	3697950	23.8907	6.81843
338	3679023	23.8634	6.81732
339	3660501	23.8354	6.82125
340	3641631	23.8142	6.81461
341	3622764	23.7894	6.81516
342	3603800	23.7655	6.81208
343	3584653	23.7385	6.81256
344	3565405	23.7088	6.812
345	3546380	23.6802	6.81593
346	3526913	23.6555	6.81661
347	3507395	23.6303	6.81324
348	3487793	23.6077	6.80951
349	3468079	23.5847	6.80837
350	3448513	23.5572	6.80559
351	3428985	23.5354	6.80246
352	3409329	23.5083	6.80048
353	3389436	23.48	6.80661
354	3369689	23.4566	6.80759
355	3349848	23.4344	6.80288
356	3329793	23.4137	6.79832
357	3309646	23.3861	6.79635
358	3289596	23.3631	6.79548
359	3269273	23.345	6.79284
360	3248831	23.3232	6.79245
361	3228897	23.3013	6.7881
362	3208730	23.2772	6.78873
363	3188473	23.2463	6.79131
364	3167836	23.2296	6.79093
365	3147041	23.2041	6.78693
366	3125938	23.1835	6.78463
367	3104820	23.1634	6.78298
368	3083358	23.1485	6.78307
369	3061881	23.1294	6.7798
370	3040024	23.1148	6.77855
371	3017950	23.0951	6.77867
372	2995370	23.0786	6.77608
373	2972411	23.0622	6.77545
374	2949170	23.0525	6.7762
375	2925353	23.0395	6.77695
376	2900718	23.031	6.77482
377	2875050	23.0169	6.77732
378	2848411	23.0092	6.77454
379	2820580	23.0017	6.77687
380	2791291	22.9866	6.77556
381	2759880	22.9756	6.77595
382	2725920	22.9721	6.77372
383	2688828	22.9609	6.77774
384	2648146	22.9552	6.77722
385	2603074	22.9476	6.77439
386	2552130	22.943	6.77782
387	2494142	22.9376	6.77725
388	2428202	22.9383	6.77496
389	2352582	22.9326	6.77891
390	2267265	22.9232	6.77698
391	2169891	22.9128	6.78192
392	2061252	22.9043	6.77498
393	1942012	22.8902	6.77862
394	1812916	22.8801	6.77878
395	1676700	22.8578	6.7774
396	1534719	22.8387	6.77729
397	1390293	22.8218	6.78161
398	1246174	22.7925	6.78632
399	1104230	22.7708	6.78512
400	967251	22.7474	6.7741
401	835553	22.7049	6.78303
402	713718	22.675	6.7851
403	600922	22.6432	6.77247
404	499423	22.6205	6.76819
405	410303	22.5745	6.76372
406	332573	22.4944	6.77955
407	267158	22.4471	6.77557
408	212069	22.3756	6.76863
409	166931	22.3368	6.76567
410	130189	22.259	6.77287
411	100380	22.1826	6.76867
412	76595	22.1303	6.72472
413	57909	22.0211	6.73249
414	43768	21.8687	6.72692
415	32955	21.7577	6.7554
416	24883	21.6602	6.72505
417	18803	21.5551	6.68736
418	14277	21.2964	6.67418
419	10979	21.155	6.6186
420	8657	20.9827	6.57158
421	7057	20.7167	6.5089
422	5849	20.6856	6.43678
423	4993	20.4056	6.43532
424	4353	20.3457	6.39596
425	3873	20.2461	6.26256
426	3507	20.2971	6.22767
427	3258	20.0823	6.16078
428	3066	19.9821	6.05171
429	2904	20.0207	6.08825
430	2762	20.0192	6.06162
431	2648	19.8958	6.16555
432	2531	19.885	6.12632
433	2438	20.0697	6.13773
434	2353	20.0136	6.0562
435	2274	20.0809	6.09173
436	2204	20.064	6.09368
437	2129	20.1527	6.13398
438	2049	20.2304	6.15709
439	1984	20.2722	6.00399
440	1927	19.9538	6.06819
441	1862	19.8878	6.18041
442	1794	19.9627	6.0477
443	1725	19.8806	5.9992
444	1648	19.7785	6.05561
445	1573	19.9085	6.04778
446	1480	19.823	5.95746
447	1402	19.7004	5.91132
448	1333	19.4299	5.87359
449	1255	19.6064	5.85726
450	1170	19.4641	5.84377
451	1094	19.2779	5.91287
452	1016	19.1457	5.59719
453	941	19.1668	5.63451
454	863	19.0232	5.72165
455	787	18.8043	5.77547
456	707	18.9604	5.67646
457	636	18.9654	5.61792
458	570	19.0491	5.81051
459	520	18.9923	5.69453
460	481	18.4387	5.61183
461	423	18.3759	5.25177
462	390	18.2897	5.30273
463	353	17.7054	4.98217
464	321	17.9502	5.1153
465	295	18.261	5.11264
466	266	18.3045	5.20607
467	241	18.668	4.96884
468	226	18.0929	5.03192
469	213	18.3897	4.98803
470	199	18.5477	4.9048
471	183	18.7432	4.9608
472	172	18.4535	5.3893
473	163	18.2209	5.17714
474	154	18.6688	5.13867
475	142	18.8099	5.31548
476	136	18.625	5.20817
477	129	18.4031	5.54036
478	127	18.4094	4.82611
479	117	17.9487	4.98419
480	112	17.9286	4.98595
481	107	18.4393	4.97385
482	104	18.2115	4.74735
483	100	18.84	4.95784
484	94	18.5638	4.53791
485	92	18.2717	4.92382
486	91	18.5275	4.80588
487	87	18.0115	5.29039
488	84	18.2024	4.61997
489	84	17.5476	4.88273
490	79	17.8987	4.57584
491	76	17.1053	4.76537
492	72	17.3333	4.7973
493	66	17.6364	3.84562
494	63	17.8571	4.63109
495	61	17.7705	4.74128
496	57	18.7544	4.73694
497	55	18.3273	4.82299
498	53	17.9245	5.25448
499	49	18.8367	4.36056
500	48	18.125	4.70683
501	46	17.5435	3.95366
502	44	17.1591	4.37191
503	41	17.2927	4.13064
504	36	17.1667	4.35234
505	34	16.3235	4.45666
506	31	17.871	3.54722
507	31	19.0323	5.10218
508	31	16.7097	4.45117
509	28	18.1786	4.63524
510	28	18.5714	4.77205
511	26	17.3077	5.19052
512	26	18.1538	4.76397
513	26	17.3077	4.47901
514	23	17.8261	4.6383
515	23	17.2174	4.26355
516	21	17.381	5.3803
517	20	17.9	4.62146
518	19	16.7895	3.67543
519	18	18.1111	5.26798
520	18	18.1111	4.05679
521	16	19.375	4.91087
522	16	18.75	6.43428
523	15	18.8667	6.66405
524	14	19.7143	6.18221
525	14	19.1429	5.80261
526	14	19.2143	5.54948
527	12	18.9167	6.62582
528	11	21.5455	5.97267
529	10	19.7	6.2902
530	10	19.7	6.01941
531	10	18.4	4.71876
532	10	17.4	4.99333
533	10	17.3	5.22919
534	8	19.625	4.20671
535	8	19.5	5.50325
536	8	18.25	5.70088
537	7	17.7143	3.98808
538	7	18.1429	3.02372
539	7	19.5714	4.23703
540	7	18.4286	5.94018
541	7	17	2.08167
542	7	16.7143	1.97605
543	6	16.6667	4.88535
544	6	20	3.63318
545	6	16.5	5.54076
546	5	18.4	4.97996
547	5	14.4	4.44972
548	4	17.5	3.10913
549	4	15.75	0.957427
550	4	15.75	0.957427
551	3	15.3333	0.57735
552	3	13	3.4641
553	3	13	3.4641
554	2	21	8.48528
555	2	15.5	0.707107
556	2	15.5	0.707107
557	2	18	4.24264
558	2	15.5	0.707107
559	2	15.5	0.707107
560	1	15	-nan
561	1	15	-nan
562	1	16	-nan
563	1	24	-nan
564	1	9	-nan
565	1	15	-nan
