offset	mismatches	insertions	deletions	reads
0	23083	39	0	6649455
1	8869	75	269	6649455
2	5268	1551	3062	6649455
3	3730	2916	4847	6649455
4	3093	3705	1963	6649455
5	2720	4320	2115	6649455
6	2662	5124	2635	6649455
7	2521	5860	3342	6649455
8	2466	6132	3762	6642723
9	2437	6022	3279	6636087
10	2348	5883	3265	6629650
11	2330	5844	3158	6623491
12	2357	5484	3093	6618163
13	2330	5331	3256	6613514
14	2358	5293	3252	6609125
15	2341	5166	3134	6604825
16	2367	5004	3158	6600759
17	2319	4814	3286	6596646
18	2503	4754	3254	6592574
19	2429	4611	3282	6588519
20	2331	4525	3306	6584517
21	2253	4439	3480	6580685
22	2404	4504	3520	6576323
23	2379	4430	3505	6572303
24	2319	4271	3550	6568195
25	2203	4257	3601	6564160
26	2236	4288	3520	6560173
27	2217	4159	3785	6556290
28	2245	4110	3799	6552426
29	2244	4227	3761	6548614
30	2243	4153	3709	6544832
31	2318	4169	3914	6541053
32	2288	4074	3986	6537110
33	2381	4169	3994	6533295
34	2453	4292	4052	6529647
35	2432	4293	4139	6525890
36	2357	4127	4123	6522291
37	2407	4320	4119	6518749
38	2479	4324	4190	6515185
39	2474	4344	4315	6511746
40	2492	4340	4366	6508056
41	2474	4395	4409	6504464
42	2402	4417	4386	6500943
43	2429	4177	4673	6497466
44	2415	4253	4696	6494006
45	2459	4209	4658	6490448
46	2498	4168	4957	6486915
47	2518	4143	4841	6483369
48	2547	4113	4921	6479726
49	2537	4054	4814	6475994
50	2495	4049	5076	6472264
51	2647	4059	5204	6468419
52	2552	4043	5143	6464540
53	2470	4073	5276	6460764
54	2561	4028	5353	6456745
55	2516	4081	5336	6452949
56	2555	4097	5455	6449015
57	2480	4070	5445	6444937
58	2589	4248	5502	6440841
59	2580	4089	5647	6436745
60	2552	4141	5742	6432661
61	2587	4276	5690	6428598
62	2572	4329	5799	6424407
63	2595	4390	5734	6420262
64	2623	4436	5932	6416089
65	2512	4570	5879	6412002
66	2475	4615	5784	6407548
67	2539	4687	6007	6403227
68	2544	4811	6111	6398811
69	2561	4709	6064	6394423
70	2504	4843	5951	6390004
71	2489	4842	6137	6385480
72	2636	4839	6271	6381044
73	2567	5005	6164	6376624
74	2615	4851	6236	6372144
75	2559	4994	6299	6367682
76	2494	5206	6153	6363183
77	2582	5217	6224	6358571
78	2569	5151	6172	6353948
79	2581	5120	6314	6349384
80	2588	5306	6312	6344768
81	2548	5326	6324	6340406
82	2522	5366	6294	6335849
83	2528	5388	6334	6331195
84	2556	5376	6562	6326599
85	2520	5438	6625	6321916
86	2561	5564	6642	6317195
87	2514	5705	6592	6312666
88	2511	5657	6704	6308083
89	2465	5743	6732	6303561
90	2480	5664	6795	6298986
91	2474	5909	6919	6294402
92	2504	5807	7101	6289809
93	2532	5796	7082	6285211
94	2530	5970	7189	6280475
95	2513	5932	7180	6275893
96	2525	6032	7212	6271172
97	2413	6100	7328	6266582
98	2442	5991	7447	6262074
99	2431	6100	7571	6257431
100	2447	6058	7604	6252773
101	2459	6071	7792	6248123
102	2406	6140	7850	6243409
103	2406	6254	7731	6238711
104	2487	6190	7844	6233996
105	2476	6311	7854	6229279
106	2415	6330	7944	6224458
107	2404	6216	8179	6219713
108	2343	6429	8340	6214975
109	2377	6334	8036	6210200
110	2263	6316	8285	6205432
111	2303	6523	8398	6200489
112	2230	6362	8456	6195410
113	2293	6561	8575	6190306
114	2275	6643	8533	6185221
115	2232	6566	8565	6180052
116	2359	6553	8501	6174895
117	2228	6708	8711	6169674
118	2243	6700	8903	6164455
119	2098	6874	8715	6159042
120	2154	6915	8878	6153718
121	2205	7021	8871	6148286
122	2196	6945	9073	6142782
123	2244	7068	9047	6137329
124	2260	7183	9128	6131744
125	2315	7220	9162	6126046
126	2328	7236	9214	6120348
127	2258	7182	9231	6114725
128	2342	7579	9361	6109004
129	2329	7420	9232	6103225
130	2335	7458	9503	6097492
131	2247	7381	9348	6091565
132	2272	7681	9451	6085679
133	2378	7703	9514	6079714
134	2362	7601	9574	6073746
135	2301	7684	9702	6067682
136	2300	7807	9736	6061577
137	2304	7883	9941	6055398
138	2299	8048	9957	6049272
139	2501	8151	10049	6043223
140	2394	7996	10120	6037004
141	2375	8001	10018	6030742
142	2392	8170	10269	6024536
143	2344	8165	10420	6018366
144	2373	8178	10480	6011944
145	2430	8085	10611	6005626
146	2443	8062	10616	5999468
147	2398	8119	10636	5993018
148	2514	8146	10593	5986423
149	2535	8457	10522	5980152
150	2508	8410	10839	5973792
151	2548	8353	10888	5967361
152	2417	8538	10961	5960829
153	2534	8626	11117	5954365
154	2537	8688	11212	5947731
155	2555	8829	11176	5941232
156	2401	8974	11336	5934613
157	2531	8909	11306	5927995
158	2568	8790	11383	5921191
159	2534	9107	11358	5914548
160	2538	9019	11396	5907697
161	2560	9059	11717	5900817
162	2568	9047	11551	5894130
163	2684	9135	11774	5887203
164	2637	9346	11546	5880407
165	2685	9272	11834	5873417
166	2726	9518	11773	5866378
167	2792	9442	11733	5859366
168	2671	9555	11839	5852287
169	2737	9709	11990	5845128
170	2715	9600	11897	5837925
171	2776	9648	12229	5830738
172	2794	9848	12038	5823302
173	2709	9826	12380	5815946
174	2788	9867	12375	5808481
175	2891	9921	12424	5801050
176	2823	10051	12502	5793671
177	2830	10095	12735	5785968
178	2900	10179	12696	5778274
179	2863	10158	12739	5770390
180	2953	9950	12834	5762434
181	2918	10279	12870	5754650
182	2988	10434	12883	5746666
183	2960	10507	13044	5738737
184	2996	10831	13102	5730624
185	2990	10565	13133	5722523
186	3038	10658	13403	5714350
187	2971	10872	13458	5706186
188	2908	10995	13500	5697849
189	3012	11014	13471	5689522
190	3030	10918	13575	5680836
191	3075	11090	13717	5672209
192	2967	11201	13571	5663592
193	3070	11243	13843	5654982
194	3063	11365	13888	5646287
195	3091	11460	13686	5637446
196	3126	11249	13866	5628672
197	3165	11458	14178	5619967
198	3164	11379	14416	5611132
199	3146	11391	14160	5602011
200	3283	11621	14241	5593006
201	3254	11839	14221	5584032
202	3376	11801	14514	5574834
203	3365	11820	14386	5565586
204	3258	11743	14660	5556480
205	3299	11962	14558	5547245
206	3328	12119	14840	5537732
207	3415	12194	14882	5528288
208	3261	12067	14928	5518726
209	3425	12259	14848	5509147
210	3397	12398	14862	5499498
211	3296	12644	14920	5490073
212	3462	12728	15422	5480494
213	3421	12609	15138	5470640
214	3512	12878	15176	5460829
215	3570	12825	15352	5450982
216	3494	12881	15145	5441028
217	3388	12965	15310	5431137
218	3591	12917	15441	5420994
219	3583	13104	15535	5410728
220	3549	13155	15589	5400451
221	3643	13464	15695	5390128
222	3630	13314	15754	5379614
223	3666	13335	15536	5369196
224	3657	13289	15708	5358645
225	3755	13575	15845	5348114
226	3757	13530	15933	5337481
227	3707	13871	16200	5326589
228	3661	13830	16223	5315935
229	3660	13671	16127	5304969
230	3755	13905	16318	5293885
231	3724	13990	16693	5282716
232	3695	14045	16497	5271418
233	3812	13939	16583	5260046
234	3918	14019	16619	5248805
235	3933	14096	16974	5237506
236	3937	14249	16972	5225884
237	3939	14202	17138	5214360
238	3943	14109	16998	5202849
239	3983	14369	17032	5191111
240	3770	14383	17294	5179471
241	4020	14640	17241	5167685
242	3943	14379	17784	5155894
243	4071	14331	17626	5143949
244	4109	14678	17557	5131715
245	4084	14611	17587	5119736
246	4069	14514	17776	5107457
247	4045	15007	17897	5095209
248	4075	14549	17841	5082813
249	4193	14920	17763	5070282
250	4174	14774	18018	5057436
251	4189	15036	18076	5044739
252	4177	15209	18029	5031913
253	4269	15226	17947	5019169
254	4241	15293	18264	5006336
255	4316	15312	18181	4993495
256	4279	15382	18347	4980516
257	4295	15744	18255	4967194
258	4289	15648	18356	4953807
259	4413	15847	18356	4940676
260	4414	16075	18430	4927283
261	4425	15989	18488	4913867
262	4424	16221	18364	4900329
263	4426	15899	18274	4886592
264	4451	16224	18461	4873054
265	4440	16487	18489	4859120
266	4518	16414	18699	4845348
267	4549	16718	18857	4831363
268	4469	16576	18679	4817275
269	4459	16764	18458	4803263
270	4497	16877	18411	4789240
271	4616	16859	18644	4775005
272	4719	16913	18964	4760783
273	4611	17276	18821	4746480
274	4545	17094	18479	4732037
275	4656	17257	18831	4717980
276	4730	17379	19069	4703690
277	4660	17496	18955	4689172
278	4808	17387	18872	4674549
279	4671	17598	18876	4659922
280	4761	17391	18929	4645026
281	4708	17504	19013	4630168
282	4661	17798	18956	4615081
283	4887	17539	19057	4599791
284	4767	17898	19155	4584496
285	4842	17781	19257	4569184
286	4873	17963	19173	4553877
287	4755	18022	19092	4538324
288	4799	18146	19180	4522803
289	4878	18159	19092	4507261
290	4859	18275	19005	4491621
291	4942	18187	18966	4475971
292	5053	18237	19201	4460302
293	5022	18477	19249	4444560
294	5115	18088	19383	4428765
295	5114	18278	19161	4412631
296	5089	18726	19062	4396569
297	5111	18585	19179	4380505
298	5074	18575	19279	4364066
299	5141	18746	19138	4347811
300	5118	18737	18943	4331547
301	5114	18809	19018	4315146
302	5055	18571	19109	4298567
303	5107	18743	19208	4282104
304	5086	18863	19370	4265465
305	5100	19106	19076	4248551
306	5159	18848	19300	4231734
307	5055	19000	19261	4214922
308	5138	19321	18968	4198055
309	5279	19275	19142	4181045
310	5234	19403	18946	4163730
311	5271	19159	19069	4146415
312	5280	19188	19356	4129044
313	5269	19556	19110	4111565
314	5283	19164	19323	4094224
315	5325	19361	19036	4076832
316	5315	19531	19196	4059142
317	5382	19589	18932	4041731
318	5338	19628	19390	4024269
319	5406	19584	19351	4006699
320	5425	19390	19377	3989101
321	5279	19736	19337	3971253
322	5420	19709	19427	3953492
323	5493	19619	19492	3935377
324	5592	19970	19454	3917410
325	5664	19506	19310	3899392
326	5499	19979	19669	3881420
327	5504	20100	19479	3863114
328	5477	20013	19682	3845221
329	5543	19779	19248	3826991
330	5637	19772	19618	3808671
331	5500	20020	19700	3790398
332	5589	20239	19520	3772079
333	5654	19803	19597	3753735
334	5680	20300	19642	3735130
335	5681	19983	19542	3716662
336	5602	20087	19631	3697950
337	5558	20293	19600	3679023
338	5766	20234	19228	3660501
339	5692	20071	19613	3641631
340	5843	20164	19657	3622764
341	5678	20116	19665	3603800
342	5758	20428	19391	3584653
343	5893	20276	19634	3565405
344	5829	20606	19604	3546380
345	5948	20416	19679	3526913
346	5744	20545	19333	3507395
347	5799	20588	19283	3487793
348	5857	20613	19498	3468079
349	5915	20351	19566	3448513
350	5802	20574	19503	3428985
351	5870	20444	19314	3409329
352	5974	20509	19593	3389436
353	5950	20494	19499	3369689
354	5855	20395	19467	3349848
355	5723	20623	19009	3329793
356	5814	20593	19194	3309646
357	5918	20557	18961	3289596
358	5912	20194	19262	3269273
359	5882	20292	19045	3248831
360	5906	20609	18836	3228897
361	5827	20551	18931	3208730
362	5788	20396	19007	3188473
363	5886	20540	19007	3167836
364	5727	20255	18766	3147041
365	5767	20430	18626	3125938
366	5763	20218	18699	3104820
367	5623	20198	18274	3083358
368	5731	19956	18189	3061881
369	5668	20146	18107	3040024
370	5612	19715	17969	3017950
371	5594	19887	17837	2995370
372	5476	19649	17336	2972411
373	5244	19524	17113	2949170
374	5342	19208	16934	2925353
375	5261	19025	16634	2900718
376	5135	18623	16271	2875050
377	5046	18515	15842	2848411
378	4876	18107	15547	2820580
379	4682	17949	14964	2791291
380	4614	17216	14302	2759880
381	4357	16882	13435	2725920
382	4246	16265	12804	2688828
383	3863	15717	11937	2648146
384	3810	14921	11366	2603074
385	3534	14220	10344	2552130
386	3320	13231	9480	2494142
387	3007	12511	8637	2428202
388	2797	11438	7554	2352582
389	2558	10295	6913	2267265
390	2253	9373	5840	2169891
391	2160	8332	5203	2061252
392	1894	7622	4423	1942012
393	1653	6631	3668	1812916
394	1444	5577	3038	1676700
395	1203	4638	2510	1534719
396	980	3921	2068	1390293
397	883	3422	1613	1246174
398	709	2798	1332	1104230
399	615	2153	1090	967251
400	492	1714	834	835553
401	444	1436	588	713718
402	349	1102	415	600922
403	273	820	357	499423
404	190	658	254	410303
405	171	486	166	332573
406	138	371	121	267158
407	93	286	89	212069
408	61	187	57	166931
409	63	135	48	130189
410	41	109	40	100380
411	30	64	23	76595
412	20	42	13	57909
413	16	37	9	43768
414	16	35	9	32955
415	11	12	4	24883
416	4	14	2	18803
417	3	10	0	14277
418	3	4	0	10979
419	2	2	0	8657
420	2	4	1	7057
421	2	4	0	5849
422	1	0	0	4993
423	0	1	0	4353
424	1	1	0	3873
425	0	0	0	3507
426	0	0	0	3258
427	0	0	0	3066
428	0	0	0	2904
429	0	0	0	2762
430	0	0	0	2648
431	0	0	0	2531
432	0	0	0	2438
433	0	0	0	2353
434	0	0	0	2274
435	0	0	0	2204
436	0	0	0	2129
437	0	0	0	2049
438	0	0	0	1984
439	0	0	0	1927
440	0	0	0	1862
441	0	0	0	1794
442	0	0	0	1725
443	0	0	0	1648
444	0	0	0	1573
445	0	0	0	1480
446	0	0	0	1402
447	0	0	0	1333
448	0	0	0	1255
449	0	0	0	1170
450	0	0	0	1094
451	0	0	0	1016
452	0	0	0	941
453	0	0	0	863
454	0	0	0	787
455	0	0	0	707
456	0	0	0	636
457	0	0	0	570
458	0	0	0	520
459	0	0	0	481
460	0	0	0	423
461	0	0	0	390
462	0	0	0	353
463	0	0	0	321
464	0	0	0	295
465	0	0	0	266
466	0	0	0	241
467	0	0	0	226
468	0	0	0	213
469	0	0	0	199
470	0	0	0	183
471	0	0	0	172
472	0	0	0	163
473	0	0	0	154
474	0	0	0	142
475	0	0	0	136
476	0	0	0	129
477	0	0	0	127
478	0	0	0	117
479	0	0	0	112
480	0	0	0	107
481	0	0	0	104
482	0	0	0	100
483	0	0	0	94
484	0	0	0	92
485	0	0	0	91
486	0	0	0	87
487	0	0	0	84
488	0	0	0	84
489	0	0	0	79
490	0	0	0	76
491	0	0	0	72
492	0	0	0	66
493	0	0	0	63
494	0	0	0	61
495	0	0	0	57
496	0	0	0	55
497	0	0	0	53
498	0	0	0	49
499	0	0	0	48
500	0	0	0	46
501	0	0	0	44
502	0	0	0	41
503	0	0	0	36
504	0	0	0	34
505	0	0	0	31
506	0	0	0	31
507	0	0	0	31
508	0	0	0	28
509	0	0	0	28
510	0	0	0	26
511	0	0	0	26
512	0	0	0	26
513	0	0	0	23
514	0	0	0	23
515	0	0	0	21
516	0	0	0	20
517	0	0	0	19
518	0	0	0	18
519	0	0	0	18
520	0	0	0	16
521	0	0	0	16
522	0	0	0	15
523	0	0	0	14
524	0	0	0	14
525	0	0	0	14
526	0	0	0	12
527	0	0	0	11
528	0	0	0	10
529	0	0	0	10
530	0	0	0	10
531	0	0	0	10
532	0	0	0	10
533	0	0	0	8
534	0	0	0	8
535	0	0	0	8
536	0	0	0	7
537	0	0	0	7
538	0	0	0	7
539	0	0	0	7
540	0	0	0	7
541	0	0	0	7
542	0	0	0	6
543	0	0	0	6
544	0	0	0	6
545	0	0	0	5
546	0	0	0	5
547	0	0	0	4
548	0	0	0	4
549	0	0	0	4
550	0	0	0	3
551	0	0	0	3
552	0	0	0	3
553	0	0	0	2
554	0	0	0	2
555	0	0	0	2
556	0	0	0	2
557	0	0	0	2
558	0	0	0	2
559	0	0	0	1
560	0	0	0	1
561	0	0	0	1
562	0	0	0	1
563	0	0	0	1
564	0	0	0	1
